71,37
71,36
71,35
0,273
0,270
10,146
10,272
10,112
10,144
10,182
10,284
10,206
11,18
11,16
11,14
11,12
8,7
8,5
8,13
8,18
8,17
69,5
69,4
69,3
69,2
69,1
69,0
66,5
66,4
66,3
66,2
66,1
66,0
64,3
64,2
64,1
64,0
63,3
63,2
63,1
63,0
62,5
62,4
62,3
62,2
62,1
62,0
61,4
61,3
61,2
61,1
61,0
60,4
60,3
60,2
60,1
60,0
58,3
58,2
58,1
58,0
20,3
20,2
20,1
19,3
19,2
19,1
18,1
18,3
12,3
12,2
12,1
11,29
14,1
11,26
14,3
11,24
11,21
13,1
11,20
13,3
11,17
11,6
11,5
11,4
11,3
11,2
11,1
10,307
10,246
10,236
10,223
10,208
10,204
10,199
10,194
10,141
10,135
10,126
10,122
10,69
10,27
10,11
10,3
10,2
10,1
9,7
9,6
9,4
9,3
9,2
9,1
8,15
8,11
8,10
